Формулы
requestDelay, serviceTime, lambda, mu, p, P0, Pn, Q, A, k
10, 5, 0,100000, 0,200000, 0,500000, 0,606539, 0,000158, 0,999842, 0,099984, 0,499921
10, 105, 0,100000, 0,009524, 10,500000, 0,000547, 0,581314, 0,418686, 0,041869, 4,396198
10, 205, 0,100000, 0,004878, 20,500000, 0,000026, 0,769722, 0,230278, 0,023028, 4,720698
10, 305, 0,100000, 0,003279, 30,500000, 0,000004, 0,841969, 0,158031, 0,015803, 4,819941
10, 405, 0,100000, 0,002469, 40,500000, 0,000001, 0,879818, 0,120182, 0,012018, 4,867379
10, 505, 0,100000, 0,001980, 50,500000, 0,000000, 0,903067, 0,096933, 0,009693, 4,895093
10, 605, 0,100000, 0,001653, 60,500000, 0,000000, 0,918789, 0,081211, 0,008121, 4,913246
10, 705, 0,100000, 0,001418, 70,500000, 0,000000, 0,930127, 0,069873, 0,006987, 4,926052
20, 5, 0,050000, 0,200000, 0,250000, 0,778801, 0,000006, 0,999994, 0,050000, 0,249998
20, 105, 0,050000, 0,009524, 5,250000, 0,009171, 0,304814, 0,695186, 0,034759, 3,649728
20, 205, 0,050000, 0,004878, 10,250000, 0,000608, 0,572798, 0,427202, 0,021360, 4,378819
20, 305, 0,050000, 0,003279, 15,250000, 0,000102, 0,697764, 0,302236, 0,015112, 4,609098
20, 405, 0,050000, 0,002469, 20,250000, 0,000027, 0,767070, 0,232930, 0,011646, 4,716823
20, 505, 0,050000, 0,001980, 25,250000, 0,000009, 0,810752, 0,189248, 0,009462, 4,778519
20, 605, 0,050000, 0,001653, 30,250000, 0,000004, 0,840717, 0,159283, 0,007964, 4,818320
20, 705, 0,050000, 0,001418, 35,250000, 0,000002, 0,862523, 0,137477, 0,006874, 4,846068
30, 5, 0,033333, 0,200000, 0,166667, 0,846482, 0,000001, 0,999999, 0,033333, 0,166667
30, 105, 0,033333, 0,009524, 3,500000, 0,035211, 0,154112, 0,845888, 0,028196, 2,960608
30, 205, 0,033333, 0,004878, 6,833333, 0,003340, 0,414739, 0,585261, 0,019509, 3,999284
30, 305, 0,033333, 0,003279, 10,166667, 0,000630, 0,569887, 0,430113, 0,014337, 4,372816
30, 405, 0,033333, 0,002469, 13,500000, 0,000177, 0,662964, 0,337036, 0,011235, 4,549981
30, 505, 0,033333, 0,001980, 16,833333, 0,000064, 0,723708, 0,276292, 0,009210, 4,650919
30, 605, 0,033333, 0,001653, 20,166667, 0,000028, 0,766173, 0,233827, 0,007794, 4,715507
30, 705, 0,033333, 0,001418, 23,500000, 0,000013, 0,797439, 0,202561, 0,006752, 4,760191
40, 5, 0,025000, 0,200000, 0,125000, 0,882497, 0,000000, 1,000000, 0,025000, 0,125000
40, 105, 0,025000, 0,009524, 2,625000, 0,076324, 0,079274, 0,920726, 0,023018, 2,416907
40, 205, 0,025000, 0,004878, 5,125000, 0,010010, 0,294927, 0,705073, 0,017627, 3,613500
40, 305, 0,025000, 0,003279, 7,625000, 0,002140, 0,459722, 0,540278, 0,013507, 4,119621
40, 405, 0,025000, 0,002469, 10,125000, 0,000641, 0,568417, 0,431583, 0,010790, 4,369774
40, 505, 0,025000, 0,001980, 12,625000, 0,000240, 0,642495, 0,357505, 0,008938, 4,513497
40, 605, 0,025000, 0,001653, 15,125000, 0,000105, 0,695512, 0,304488, 0,007612, 4,605379
40, 705, 0,025000, 0,001418, 17,625000, 0,000052, 0,735108, 0,264892, 0,006622, 4,668718
50, 5, 0,020000, 0,200000, 0,100000, 0,904837, 0,000000, 1,000000, 0,020000, 0,100000
50, 105, 0,020000, 0,009524, 2,100000, 0,125013, 0,042547, 0,957453, 0,019149, 2,010651
50, 205, 0,020000, 0,004878, 4,100000, 0,021542, 0,207983, 0,792017, 0,015840, 3,247269
50, 305, 0,020000, 0,003279, 6,100000, 0,005219, 0,367326, 0,632674, 0,012653, 3,859312
50, 405, 0,020000, 0,002469, 8,100000, 0,001666, 0,483949, 0,516051, 0,010321, 4,180015
50, 505, 0,020000, 0,001980, 10,100000, 0,000648, 0,567531, 0,432469, 0,008649, 4,367935
50, 605, 0,020000, 0,001653, 12,100000, 0,000291, 0,629028, 0,370972, 0,007419, 4,488764
50, 705, 0,020000, 0,001418, 14,100000, 0,000146, 0,675738, 0,324262, 0,006485, 4,572096
60, 5, 0,016667, 0,200000, 0,083333, 0,920044, 0,000000, 1,000000, 0,016667, 0,083333
60, 105, 0,016667, 0,009524, 1,750000, 0,175376, 0,023987, 0,976013, 0,016267, 1,708022
60, 205, 0,016667, 0,004878, 3,416667, 0,037794, 0,146642, 0,853358, 0,014223, 2,915640
60, 305, 0,016667, 0,003279, 5,083333, 0,010309, 0,291593, 0,708407, 0,011807, 3,601070
60, 405, 0,016667, 0,002469, 6,750000, 0,003508, 0,409641, 0,590359, 0,009839, 3,984920
60, 505, 0,016667, 0,001980, 8,416667, 0,001418, 0,499060, 0,500940, 0,008349, 4,216249
60, 605, 0,016667, 0,001653, 10,083333, 0,000653, 0,566939, 0,433061, 0,007218, 4,366703
60, 705, 0,016667, 0,001418, 11,750000, 0,000332, 0,619498, 0,380502, 0,006342, 4,470903
70, 5, 0,014286, 0,200000, 0,071429, 0,931063, 0,000000, 1,000000, 0,014286, 0,071429
70, 105, 0,014286, 0,009524, 1,500000, 0,224129, 0,014183, 0,985817, 0,014083, 1,478725
70, 205, 0,014286, 0,004878, 2,928571, 0,057927, 0,103988, 0,896012, 0,012800, 2,624036
70, 305, 0,014286, 0,003279, 4,357143, 0,017624, 0,230642, 0,769358, 0,010991, 3,352204
70, 405, 0,014286, 0,002469, 5,785714, 0,006389, 0,345177, 0,654823, 0,009355, 3,788621
70, 505, 0,014286, 0,001980, 7,214286, 0,002684, 0,437142, 0,562858, 0,008041, 4,060616
70, 605, 0,014286, 0,001653, 8,642857, 0,001267, 0,509377, 0,490623, 0,007009, 4,240385
70, 705, 0,014286, 0,001418, 10,071429, 0,000656, 0,566514, 0,433486, 0,006193, 4,365821
80, 5, 0,012500, 0,200000, 0,062500, 0,939413, 0,000000, 1,000000, 0,012500, 0,062500
80, 105, 0,012500, 0,009524, 1,312500, 0,269777, 0,008756, 0,991244, 0,012391, 1,301007
80, 205, 0,012500, 0,004878, 2,562500, 0,080858, 0,074449, 0,925551, 0,011569, 2,371724
80, 305, 0,012500, 0,003279, 3,812500, 0,027151, 0,182244, 0,817756, 0,010222, 3,117696
80, 405, 0,012500, 0,002469, 5,062500, 0,010462, 0,289919, 0,710081, 0,008876, 3,594787
80, 505, 0,012500, 0,001980, 6,312500, 0,004569, 0,381669, 0,618331, 0,007729, 3,903213
80, 605, 0,012500, 0,001653, 7,562500, 0,002214, 0,456387, 0,543613, 0,006795, 4,111075
80, 705, 0,012500, 0,001418, 8,812500, 0,001167, 0,516867, 0,483133, 0,006039, 4,257609
90, 5, 0,011111, 0,200000, 0,055556, 0,945959, 0,000000, 1,000000, 0,011111, 0,055556
90, 105, 0,011111, 0,009524, 1,166667, 0,311809, 0,005616, 0,994384, 0,011049, 1,160114
90, 205, 0,011111, 0,004878, 2,277778, 0,105551, 0,053931, 0,946069, 0,010512, 2,154935
90, 305, 0,011111, 0,003279, 3,388889, 0,038702, 0,144159, 0,855841, 0,009509, 2,900350
90, 405, 0,011111, 0,002469, 4,500000, 0,015804, 0,243021, 0,756979, 0,008411, 3,406405
90, 505, 0,011111, 0,001980, 5,611111, 0,007171, 0,332383, 0,667617, 0,007418, 3,746075
90, 605, 0,011111, 0,001653, 6,722222, 0,003566, 0,407926, 0,592074, 0,006579, 3,980052
90, 705, 0,011111, 0,001418, 7,833333, 0,001915, 0,470587, 0,529413, 0,005882, 4,147067
100, 5, 0,010000, 0,200000, 0,050000, 0,951229, 0,000000, 1,000000, 0,010000, 0,050000
100, 105, 0,010000, 0,009524, 1,050000, 0,350205, 0,003725, 0,996275, 0,009963, 1,046089
100, 205, 0,010000, 0,004878, 2,050000, 0,131153, 0,039570, 0,960430, 0,009604, 1,968882
100, 305, 0,010000, 0,003279, 3,050000, 0,051988, 0,114346, 0,885654, 0,008857, 2,701244
100, 405, 0,010000, 0,002469, 4,050000, 0,022415, 0,203531, 0,796469, 0,007965, 3,225699
100, 505, 0,010000, 0,001980, 5,050000, 0,010556, 0,288912, 0,711088, 0,007111, 3,590995
100, 605, 0,010000, 0,001653, 6,050000, 0,005387, 0,363877, 0,636123, 0,006361, 3,848542
100, 705, 0,010000, 0,001418, 7,050000, 0,002947, 0,427659, 0,572341, 0,005723, 4,035005

Эксперимент
requestDelay, serviceTime, lambda, mu, P0, Pn, Q, A, k, requestCount, processedCount, rejectedCount
10, 5, 0,100000, 0,200000, 0,249294, 0,000000, 1,000000, 0,100000, 0,756350, 1000, 1000, 0
10, 105, 0,100000, 0,009524, 0,001840, 0,205000, 0,795000, 0,079500, 3,952162, 1000, 795, 205
10, 205, 0,100000, 0,004878, 0,000946, 0,569000, 0,431000, 0,043100, 4,752129, 1000, 431, 569
10, 305, 0,100000, 0,003279, 0,001944, 0,709000, 0,291000, 0,029100, 4,834791, 1000, 291, 709
10, 405, 0,100000, 0,002469, 0,001932, 0,790000, 0,210000, 0,021000, 4,857005, 1000, 210, 790
10, 505, 0,100000, 0,001980, 0,001984, 0,830000, 0,170000, 0,017000, 4,875992, 1000, 170, 830
10, 605, 0,100000, 0,001653, 0,000997, 0,860000, 0,140000, 0,014000, 4,897308, 1000, 140, 860
10, 705, 0,100000, 0,001418, 0,001002, 0,882000, 0,118000, 0,011800, 4,889780, 1000, 118, 882
20, 5, 0,050000, 0,200000, 0,552367, 0,000000, 1,000000, 0,050000, 0,448640, 1000, 1000, 0
20, 105, 0,050000, 0,009524, 0,001130, 0,000000, 1,000000, 0,050000, 3,040678, 1000, 1000, 0
20, 205, 0,050000, 0,004878, 0,001074, 0,221000, 0,779000, 0,038950, 4,633924, 1000, 779, 221
20, 305, 0,050000, 0,003279, 0,001035, 0,518000, 0,482000, 0,024100, 4,753106, 1000, 482, 518
20, 405, 0,050000, 0,002469, 0,000513, 0,636000, 0,364000, 0,018200, 4,807692, 1000, 364, 636
20, 505, 0,050000, 0,001980, 0,001016, 0,700000, 0,300000, 0,015000, 4,840528, 1000, 300, 700
20, 605, 0,050000, 0,001653, 0,000513, 0,729000, 0,271000, 0,013550, 4,915341, 1000, 271, 729
20, 705, 0,050000, 0,001418, 0,000512, 0,765000, 0,235000, 0,011750, 4,939549, 1000, 235, 765
30, 5, 0,033333, 0,200000, 0,651510, 0,000000, 1,000000, 0,033333, 0,348490, 1000, 1000, 0
30, 105, 0,033333, 0,009524, 0,000764, 0,000000, 1,000000, 0,033333, 2,431462, 1000, 1000, 0
30, 205, 0,033333, 0,004878, 0,000715, 0,010000, 0,990000, 0,033000, 4,284335, 1000, 990, 10
30, 305, 0,033333, 0,003279, 0,001202, 0,350000, 0,650000, 0,021667, 4,739984, 1000, 650, 350
30, 405, 0,033333, 0,002469, 0,000824, 0,531000, 0,469000, 0,015633, 4,802718, 1000, 469, 531
30, 505, 0,033333, 0,001980, 0,001244, 0,637000, 0,363000, 0,012100, 4,807134, 1000, 363, 637
30, 605, 0,033333, 0,001653, 0,000849, 0,700000, 0,300000, 0,010000, 4,877334, 1000, 300, 700
30, 705, 0,033333, 0,001418, 0,000869, 0,748000, 0,252000, 0,008400, 4,892221, 1000, 252, 748
40, 5, 0,025000, 0,200000, 0,684193, 0,000000, 1,000000, 0,025000, 0,315807, 1000, 1000, 0
40, 105, 0,025000, 0,009524, 0,000675, 0,000000, 1,000000, 0,025000, 2,533086, 1000, 1000, 0
40, 205, 0,025000, 0,004878, 0,001021, 0,000000, 1,000000, 0,025000, 4,590878, 1000, 1000, 0
40, 305, 0,025000, 0,003279, 0,001348, 0,270000, 0,730000, 0,018250, 4,689585, 1000, 730, 270
40, 405, 0,025000, 0,002469, 0,001005, 0,438000, 0,562000, 0,014050, 4,711461, 1000, 562, 438
40, 505, 0,025000, 0,001980, 0,001348, 0,545000, 0,455000, 0,011375, 4,722709, 1000, 455, 545
40, 605, 0,025000, 0,001653, 0,001007, 0,635000, 0,365000, 0,009125, 4,735235, 1000, 365, 635
40, 705, 0,025000, 0,001418, 0,001002, 0,685000, 0,315000, 0,007875, 4,761777, 1000, 315, 685
50, 5, 0,020000, 0,200000, 0,769809, 0,000000, 1,000000, 0,020000, 0,230191, 1000, 1000, 0
50, 105, 0,020000, 0,009524, 0,000771, 0,000000, 1,000000, 0,020000, 1,781547, 1000, 1000, 0
50, 205, 0,020000, 0,004878, 0,000766, 0,000000, 1,000000, 0,020000, 3,448329, 1000, 1000, 0
50, 305, 0,020000, 0,003279, 0,001018, 0,107000, 0,893000, 0,017860, 4,274230, 1000, 893, 107
50, 405, 0,020000, 0,002469, 0,000772, 0,276000, 0,724000, 0,014480, 4,695059, 1000, 724, 276
50, 505, 0,020000, 0,001980, 0,000758, 0,419000, 0,581000, 0,011620, 4,561900, 1000, 581, 419
50, 605, 0,020000, 0,001653, 0,001010, 0,495000, 0,505000, 0,010100, 4,778788, 1000, 505, 495
50, 705, 0,020000, 0,001418, 0,001008, 0,553000, 0,447000, 0,008940, 4,731283, 1000, 447, 553
60, 5, 0,016667, 0,200000, 0,782207, 0,000000, 1,000000, 0,016667, 0,217793, 1000, 1000, 0
60, 105, 0,016667, 0,009524, 0,000898, 0,000000, 1,000000, 0,016667, 1,675494, 1000, 1000, 0
60, 205, 0,016667, 0,004878, 0,001097, 0,000000, 1,000000, 0,016667, 2,816107, 1000, 1000, 0
60, 305, 0,016667, 0,003279, 0,000888, 0,001000, 0,999000, 0,016650, 4,257656, 1000, 999, 1
60, 405, 0,016667, 0,002469, 0,001129, 0,182000, 0,818000, 0,013633, 4,562232, 1000, 818, 182
60, 505, 0,016667, 0,001980, 0,001143, 0,351000, 0,649000, 0,010817, 4,635491, 1000, 649, 351
60, 605, 0,016667, 0,001653, 0,000920, 0,450000, 0,550000, 0,009167, 4,739360, 1000, 550, 450
60, 705, 0,016667, 0,001418, 0,001173, 0,541000, 0,459000, 0,007650, 4,789301, 1000, 459, 541
70, 5, 0,014286, 0,200000, 0,827302, 0,000000, 1,000000, 0,014286, 0,172698, 1000, 1000, 0
70, 105, 0,014286, 0,009524, 0,000813, 0,000000, 1,000000, 0,014286, 1,546415, 1000, 1000, 0
70, 205, 0,014286, 0,004878, 0,001011, 0,000000, 1,000000, 0,014286, 2,703457, 1000, 1000, 0
70, 305, 0,014286, 0,003279, 0,001213, 0,000000, 1,000000, 0,014286, 3,706287, 1000, 1000, 0
70, 405, 0,014286, 0,002469, 0,000808, 0,151000, 0,849000, 0,012129, 4,299252, 1000, 849, 151
70, 505, 0,014286, 0,001980, 0,001007, 0,255000, 0,745000, 0,010643, 4,592630, 1000, 745, 255
70, 605, 0,014286, 0,001653, 0,001011, 0,358000, 0,642000, 0,009171, 4,759095, 1000, 642, 358
70, 705, 0,014286, 0,001418, 0,000800, 0,474000, 0,526000, 0,007514, 4,590955, 1000, 526, 474
80, 5, 0,012500, 0,200000, 0,846013, 0,000000, 1,000000, 0,012500, 0,153987, 1000, 1000, 0
80, 105, 0,012500, 0,009524, 0,001006, 0,000000, 1,000000, 0,012500, 1,290025, 1000, 1000, 0
80, 205, 0,012500, 0,004878, 0,000841, 0,000000, 1,000000, 0,012500, 2,216916, 1000, 1000, 0
80, 305, 0,012500, 0,003279, 0,000840, 0,000000, 1,000000, 0,012500, 3,231570, 1000, 1000, 0
80, 405, 0,012500, 0,002469, 0,000839, 0,000000, 1,000000, 0,012500, 4,219369, 1000, 1000, 0
80, 505, 0,012500, 0,001980, 0,001005, 0,144000, 0,856000, 0,010700, 4,435460, 1000, 856, 144
80, 605, 0,012500, 0,001653, 0,001009, 0,277000, 0,723000, 0,009038, 4,655903, 1000, 723, 277
80, 705, 0,012500, 0,001418, 0,001010, 0,363000, 0,637000, 0,007963, 4,713564, 1000, 637, 363
90, 5, 0,011111, 0,200000, 0,867909, 0,000000, 1,000000, 0,011111, 0,132091, 1000, 1000, 0
90, 105, 0,011111, 0,009524, 0,000961, 0,000000, 1,000000, 0,011111, 1,213737, 1000, 1000, 0
90, 205, 0,011111, 0,004878, 0,001117, 0,000000, 1,000000, 0,011111, 2,112777, 1000, 1000, 0
90, 305, 0,011111, 0,003279, 0,001122, 0,000000, 1,000000, 0,011111, 3,084175, 1000, 1000, 0
90, 405, 0,011111, 0,002469, 0,001119, 0,000000, 1,000000, 0,011111, 4,071623, 1000, 1000, 0
90, 505, 0,011111, 0,001980, 0,000962, 0,133000, 0,867000, 0,009633, 4,371332, 1000, 867, 133
90, 605, 0,011111, 0,001653, 0,001130, 0,269000, 0,731000, 0,008122, 4,516473, 1000, 731, 269
90, 705, 0,011111, 0,001418, 0,001137, 0,365000, 0,635000, 0,007056, 4,598278, 1000, 635, 365
100, 5, 0,010000, 0,200000, 0,874446, 0,000000, 1,000000, 0,010000, 0,125554, 1000, 1000, 0
100, 105, 0,010000, 0,009524, 0,003309, 0,000000, 1,000000, 0,010000, 1,059281, 1000, 1000, 0
100, 205, 0,010000, 0,004878, 0,000862, 0,000000, 1,000000, 0,010000, 1,877765, 1000, 1000, 0
100, 305, 0,010000, 0,003279, 0,001147, 0,000000, 1,000000, 0,010000, 2,830202, 1000, 1000, 0
100, 405, 0,010000, 0,002469, 0,001147, 0,000000, 1,000000, 0,010000, 3,830657, 1000, 1000, 0
100, 505, 0,010000, 0,001980, 0,001006, 0,000000, 1,000000, 0,010000, 4,704657, 1000, 1000, 0
100, 605, 0,010000, 0,001653, 0,001004, 0,166000, 0,834000, 0,008340, 4,725147, 1000, 834, 166
100, 705, 0,010000, 0,001418, 0,001003, 0,285000, 0,715000, 0,007150, 4,672735, 1000, 715, 285

Выводы:
При варьировании времени посылок запросов(requestDelay) и времени обработки запросов на сервере(serviceTime) и отправки 1000 запросов
Рассмотрим разное время обработки запроса на сервере 5, 505, 705 

Общие выводы для всех времён между посылками запросов (requestDelay = 10, 20, 30,40, .... 100):
Вывод для serviceTime=5:
Теоретические и экспериментальные значения близки, особенно для P0, Q, A.
Отклонение в k (~20-30%)

Вывод для serviceTime=505:
Значения P0 и k близки к теоретическим.
Существенные расхождения в Pn, Q, A (особенно для requestDelay=10).

Вывод для serviceTime=705:
Аналогично 505: хорошее совпадение для P0 и k, но большие отклонения в Pn, Q, A.
Эксперимент показывает более высокую вероятность отказа (Pn), чем теория.
